set_comp_limit(15) | build_statistics_df(32, record_observations=True)

Found 2 unique partitions in block 44.82222679281503:
	(1, 1, 1, 2, 2, 2, 2, 2, 2, 2, 3, 3, 9)
	(1, 1, 1, 2, 2, 2, 2, 3, 3, 3, 3, 9)
	Core analysis: [(2, 2, 2), (3, 3)]
Found 2 unique partitions in block 23.224103782927312:
	(1, 1, 1, 1, 2, 2, 2, 2, 2, 2, 2, 3, 3, 8)
	(1, 1, 1, 1, 2, 2, 2, 2, 3, 3, 3, 3, 8)
	Core analysis: [(2, 2, 2), (3, 3)]
Found 2 unique partitions in block 15.391511463519576:
	(1, 1, 1, 1, 1, 1, 2, 3, 3, 3, 3, 3, 3, 6)
	(1, 1, 1, 1, 1, 1, 2, 2, 2, 2, 2, 2, 2, 2, 2, 2, 6)
	Core analysis: [(3, 3, 3, 3, 3, 3), (2, 2, 2, 2, 2, 2, 2, 2, 2)]
Found 2 unique partitions in block 14.75380944166523:
	(1, 1, 1, 1, 2, 2, 2, 2, 2, 2, 2, 2, 2, 2, 4, 4)
	(1, 1, 1, 1, 2, 3, 3, 3, 3, 3, 3, 4, 4)
	Core analysis: [(2, 2, 2, 2, 2, 2, 2, 2, 2), (3, 3, 3, 3, 3, 3)]
Found 2 unique partitions in block 13.683600713012478:
	(1, 1, 1, 1, 1, 1, 1, 1, 1, 1, 1, 1, 2, 3, 3, 3, 3, 3, 3)
	(1, 1, 1, 1, 1, 1, 1, 1, 1, 1, 1, 1, 2, 2, 2, 2, 2, 2, 2, 2, 2, 2)
	Core analysis: [(3, 3, 3, 3, 3, 3), (2, 2, 2, 2, 2, 2, 2, 2, 2)]
Found 2 unique partitions in block 13.043561374393017:
	(1, 2, 2, 2, 2, 2, 2, 2, 3, 3, 5, 6)
	(1, 2, 2, 2, 2, 3, 3, 3, 3, 5, 6)
	Core analysis: [(2, 2, 2), (3, 3)]
Found 2 unique partitions in block 12.640463458110517:
	(1, 1, 1, 1, 1, 1, 1, 2, 3, 3, 3, 3, 3, 3, 5)
	(1, 1, 1, 1, 1, 1, 1, 2, 2, 2, 2, 2, 2, 2, 2, 2, 2, 5)
	Core analysis: [(3, 3, 3, 3, 3, 3), (2, 2, 2, 2, 2, 2, 2, 2, 2)]
Found 2 unique partitions in block 12.462821492233257:
	(1, 1, 1, 1, 1, 2, 2, 2, 2, 3, 3, 3, 3, 7)
	(1, 1, 1, 1, 1, 2, 2, 2, 2, 2, 2, 2, 3, 3, 7)
	Core analysis: [(3, 3), (2, 2, 2)]
Found 2 unique partitions in block 11.304094071646254:
	(1, 1, 1, 1, 1, 1, 1, 1, 2, 3, 3, 3, 3, 3, 3, 4)
	(1, 1, 1, 1, 1, 1, 1, 1, 2, 2, 2, 2, 2, 2, 2, 2, 2, 2, 4)
	Core analysis: [(3, 3, 3, 3, 3, 3), (2, 2, 2, 2, 2, 2, 2, 2, 2)]
Found 2 unique partitions in block 10.2954272820464:
	(1, 1, 2, 2, 2, 2, 2, 2, 2, 3, 3, 4, 6)
	(1, 1, 2, 2, 2, 2, 3, 3, 3, 3, 4, 6)
	Core analysis: [(2, 2, 2), (3, 3)]
Found 2 unique partitions in block 7.027875099883214:
	(1, 1, 1, 1, 1, 1, 2, 2, 2, 2, 3, 3, 3, 3, 6)
	(1, 1, 1, 1, 1, 1, 2, 2, 2, 2, 2, 2, 2, 3, 3, 6)
	Core analysis: [(3, 3), (2, 2, 2)]
Found 2 unique partitions in block 6.603202806049106:
	(1, 1, 1, 2, 2, 2, 2, 3, 3, 3, 3, 4, 5)
	(1, 1, 1, 2, 2, 2, 2, 2, 2, 2, 3, 3, 4, 5)
	Core analysis: [(3, 3), (2, 2, 2)]
Found 2 unique partitions in block 6.390173078028866:
	(1, 1, 1, 1, 2, 2, 2, 2, 2, 2, 2, 3, 3, 4, 4)
	(1, 1, 1, 1, 2, 2, 2, 2, 3, 3, 3, 3, 4, 4)
	Core analysis: [(2, 2, 2), (3, 3)]
Found 2 unique partitions in block 5.319964349376114:
	(1, 1, 1, 1, 1, 1, 1, 1, 1, 1, 1, 1, 2, 2, 2, 2, 2, 2, 2, 3, 3)
	(1, 1, 1, 1, 1, 1, 1, 1, 1, 1, 1, 1, 2, 2, 2, 2, 3, 3, 3, 3)
	Core analysis: [(2, 2, 2), (3, 3)]
Found 2 unique partitions in block 4.276827094474154:
	(1, 1, 1, 1, 1, 1, 1, 2, 2, 2, 2, 3, 3, 3, 3, 5)
	(1, 1, 1, 1, 1, 1, 1, 2, 2, 2, 2, 2, 2, 2, 3, 3, 5)
	Core analysis: [(3, 3), (2, 2, 2)]
Found 2 unique partitions in block 2.94045770800989:
	(1, 1, 1, 1, 1, 1, 1, 1, 2, 2, 2, 2, 3, 3, 3, 3, 4)
	(1, 1, 1, 1, 1, 1, 1, 1, 2, 2, 2, 2, 2, 2, 2, 3, 3, 4)
	Core analysis: [(3, 3), (2, 2, 2)]

